||CHANNELNAMES||	"Abs-R110"
380 0.144082793954289
382.008032128514 0.151928088456485
384.016064257028 0.156339081179174
386.024096385542 0.161333655771645
388.032128514056 0.168929898000202
390.04016064257 0.175074758968477
392.048192771084 0.176750149778526
394.056224899598 0.188280342079316
396.064257028112 0.186589987137201
398.072289156626 0.191304862213726
400.080321285141 0.197869311878546
402.088353413655 0.205454896977598
404.096385542169 0.208558428828393
406.104417670683 0.218067945279008
408.112449799197 0.222895538718479
410.120481927711 0.224820240425437
412.128514056225 0.231804170085606
414.136546184739 0.236072230050279
416.144578313253 0.247657822152776
418.152610441767 0.249568697415972
420.160642570281 0.251134156775976
422.168674698795 0.25531339217508
424.176706827309 0.267377572074459
426.184738955823 0.265772929688828
428.192771084337 0.273063611215172
430.200803212851 0.27730918364589
432.208835341365 0.28157144074051
434.21686746988 0.284107584722434
436.224899598394 0.29453296978374
438.232931726908 0.296483793352335
440.240963855422 0.30321011592781
442.248995983936 0.302911448775667
444.25702811245 0.313063391920315
446.265060240964 0.313756832056343
448.273092369478 0.320315463712097
450.281124497992 0.320620979787983
452.289156626506 0.32789757840035
454.29718875502 0.330917182038179
456.305220883534 0.336095116998904
458.313253012048 0.341097101037262
460.321285140562 0.340869139821436
462.329317269076 0.345082783993566
464.33734939759 0.347747034999357
466.345381526104 0.356093169489294
468.353413654619 0.356184346024091
470.361445783133 0.355916838040351
472.369477911647 0.355731991478511
474.377510040161 0.362955454197464
476.385542168675 0.364138819488301
478.393574297189 0.362853111365634
480.401606425703 0.359418012121716
482.409638554217 0.362199866555867
484.417670682731 0.358751842366456
486.425702811245 0.358952822457454
488.433734939759 0.359863793732035
490.441767068273 0.35477984241985
492.449799196787 0.347754785293041
494.457831325301 0.349282614623006
496.465863453815 0.339140969443299
498.473895582329 0.336597767658506
500.481927710843 0.333369667625609
502.489959839357 0.320846702895997
504.497991967871 0.313414740574713
506.506024096386 0.301493022261752
508.5140562249 0.29826033783297
510.522088353414 0.283781026598356
512.530120481928 0.267225533791093
514.538152610442 0.257260673837224
516.546184738956 0.245321162898159
518.55421686747 0.232876042245897
520.562248995984 0.221815162326099
522.570281124498 0.205419352861029
524.578313253012 0.194356471321931
526.586345381526 0.179820475665028
528.59437751004 0.16726035683368
530.602409638554 0.153463382131201
532.610441767068 0.140528709639909
534.618473895582 0.126460818259577
536.626506024096 0.116577566019794
538.634538152611 0.107228612360943
540.642570281125 0.0925371014585692
542.650602409639 0.0927957398389842
544.658634538153 0.0772812729902292
546.666666666667 0.0743726615826254
548.674698795181 0.0632914454855517
550.682730923695 0.052434306167887
552.690763052209 0.054403540401842
554.698795180723 0.046509712861165
556.706827309237 0.037366085802539
558.714859437751 0.0333369377451767
560.722891566265 0.0223708936229121
562.730923694779 0.0312065161259555
564.738955823293 0.026706665118272
566.746987951807 0.0204113736900739
568.755020080321 0.0157114055059872
570.763052208835 0.0134632157057754
572.771084337349 0.0148276409826046
574.779116465863 0.0123179603401454
576.787148594378 0.00959869229502475
578.795180722892 0.00995476580511457
580.803212851406 0.00598820954066339
582.81124497992 0.00494064649969846
584.819277108434 0.00417253833161158
586.827309236948 0.00432731744893641
588.835341365462 0.00762972139448693
590.843373493976 0.000711887752752766
592.85140562249 -0.00200674910689641
594.859437751004 0.00807897192276419
596.867469879518 0.00330433305054874
598.875502008032 0.00664118621132781
600.883534136546 0.00358556511388114
602.89156626506 0.00459115206582471
604.899598393574 0.00486266198626517
606.907630522088 0.00225576061380477
608.915662650602 9.35569503438996E-05
610.923694779116 0.00124781088697297
612.93172690763 0.00344302908956601
614.939759036145 0.00149304899716002
616.947791164659 0.00522099928877851
618.955823293173 -0.0017935758339219
620.963855421687 -9.34393651505875E-05
622.971887550201 0.00259256545344879
624.979919678715 0.00439114487834662
626.987951807229 0.00136928960245977
628.995983935743 0.00788947674615642
631.004016064257 0.00656344224363146
633.012048192771 0.00222568602679688
635.020080321285 -0.000184589794933756
637.028112449799 0.00279554154699963
639.036144578313 0.00435927747587149
641.044176706827 0.00305367412507591
643.052208835341 -0.00114273331470618
645.060240963855 0.0026336020644544
647.06827309237 0.00060858491519205
649.076305220884 0.00416871220162474
651.084337349398 0.0011623103709025
653.092369477912 0.0046690007889887
655.100401606426 -0.000224454288810467
657.10843373494 0.00466466550694599
659.116465863454 0.00162157458143329
661.124497991968 0.00576459855188294
663.132530120482 0.00236756136569312
665.140562248996 -0.00143781757509919
667.14859437751 0.000315942714278237
669.156626506024 -0.000181610635930658
671.164658634538 0.00266228075590195
673.172690763052 -0.00132968477933885
675.180722891566 -0.00782289332273265
677.18875502008 0.00115879341294033
679.196787148594 0.00130677449930796
681.204819277109 0.00335310541266414
683.212851405623 -0.00078720045444898
685.220883534137 0.0031414443207521
687.228915662651 0.00301571072327955
689.236947791165 0.00227222154067952
691.244979919679 0.00277246713307596
693.253012048193 0.00722247564039931
695.261044176707 0.00688165166531548
697.269076305221 0.00367881657350518
699.277108433735 0.00467357268354328
701.285140562249 -0.00157272029838828
703.293172690763 0.00318781823840569
705.301204819277 0.00598646913231437
707.309236947791 -0.000256679134304923
709.317269076305 -0.00139149309307706
711.325301204819 -0.000773297178338428
713.333333333333 0.000821288220221922
715.341365461847 0.00529876396207
717.349397590361 -0.000362922434325043
719.357429718875 0.00275394166028875
721.36546184739 -0.00620246041642378
723.373493975904 0.00089530771174076
725.381526104418 0.00396636541136417
727.389558232932 -0.00533012430867693
729.397590361446 0.000315175654155906
731.40562248996 0.00343512473161253
733.413654618474 -0.00129576244570057
735.421686746988 0.00148283624339494
737.429718875502 0.00102596662797561
739.437751004016 -0.00346043426836647
741.44578313253 0.000150967117411724
743.453815261044 0.00161347161967444
745.461847389558 -0.000369999522715246
747.469879518072 0.000569344178879372
749.477911646586 -0.00106473293578396
751.4859437751 -0.000164940672817243
753.493975903614 0.00257192345711784
755.502008032129 0.00430457213913417
757.510040160643 -0.00191337219492724
759.518072289157 0.000296623887472341
761.526104417671 -0.00257841136333244
763.534136546185 0.00104789537150821
765.542168674699 0.00378023992541468
767.550200803213 -0.00171599924509175
769.558232931727 -0.000531118359663889
771.566265060241 -0.00163825354099017
773.574297188755 0.00314933211394848
775.582329317269 0.00249238317064994
777.590361445783 -0.00122295409451878
779.598393574297 0.00109828970392808
781.606425702811 0.00788021278674705
783.614457831325 -0.00160699894091461
785.622489959839 0.0021080307872639
787.630522088353 -0.001037208487671
789.638554216868 -0.00673589729122322
791.646586345382 -0.00201809215828866
793.654618473896 0.00234817001438501
795.66265060241 0.0019619603456976
797.670682730924 -0.000933052511182715
799.678714859438 -0.0013270926272511
801.686746987952 -0.000624164842518363
803.694779116466 0.00519145038270275
805.70281124498 0.000177400609200142
807.710843373494 0.00491603221528078
809.718875502008 0.00563166583158563
811.726907630522 0.00337374605362003
813.734939759036 0.000321931453868115
815.74297188755 -0.000869958014187304
817.751004016064 0.00227773302799352
819.759036144578 -0.00053253528900454
821.767068273092 -0.000676044972224497
823.775100401606 8.72774709305844E-05
825.783132530121 0.00131176998166425
827.791164658635 0.00185447780670894
829.799196787149 0.00297659249003794
831.807228915663 0.000604940085529709
833.815261044177 0.00315302942858353
835.823293172691 -0.00121436494222232
837.831325301205 0.00175171316004547
839.839357429719 -0.00317492402681431
841.847389558233 0.00117860671372127
843.855421686747 -0.00144285370406123
845.863453815261 -0.00168636593158459
847.871485943775 -0.0024638091662473
849.879518072289 0.00140724435705248
851.887550200803 -0.00205052874752235
853.895582329317 7.65913955134447E-05
855.903614457831 0.000662708342549643
857.911646586345 0.00116010535578486
859.919678714859 0.000533991641301893
861.927710843373 -0.000430036438616818
863.935742971888 -0.00195831157188152
865.943775100402 0.00361945087092962
867.951807228916 0.00572258594314466
869.95983935743 0.00185653844475185
871.967871485944 0.00256218411882984
873.975903614458 0.00122837190795238
875.983935742972 -9.81096347303816E-05
877.991967871486 0.001253911980648
880 0.000837276235117753
